name: ddi_final
channels:
  - anaconda
  - defaults
dependencies:
  - _py-xgboost-mutex=2.0=cpu_2
  - asttokens=3.0.0=py310haa95532_0
  - blas=1.0=mkl
  - bzip2=1.0.8=h2bbff1b_6
  - ca-certificates=2026.5.14=haa95532_0
  - colorama=0.4.6=py310haa95532_0
  - comm=0.2.3=py310haa95532_0
  - debugpy=1.8.16=py310h885b0b7_1
  - decorator=5.2.1=py310haa95532_0
  - exceptiongroup=1.3.0=py310haa95532_0
  - executing=2.2.1=py310haa95532_0
  - icc_rt=2022.1.0=h6049295_2
  - intel-openmp=2025.0.0=haa95532_1164
  - ipykernel=7.2.0=py310h4442805_0
  - ipython=8.30.0=py310haa95532_0
  - jedi=0.19.2=py310haa95532_0
  - jupyter_client=8.8.0=py310haa95532_0
  - jupyter_core=5.9.1=py310haa95532_0
  - libffi=3.4.4=hd77b12b_1
  - libhwloc=2.12.1=default_hfa10c62_1000
  - libiconv=1.18=hc89ec93_0
  - libsodium=1.0.20=h83e8143_0
  - libxgboost=3.1.2=h585ebfc_0
  - libxml2=2.13.9=h6201b9f_0
  - libzlib=1.3.1=h02ab6af_0
  - matplotlib-inline=0.2.1=py310haa95532_0
  - mkl=2025.0.0=h5da7b33_930
  - mkl-service=2.5.2=py310h0b37514_0
  - mkl_fft=2.1.1=py310h300f80d_0
  - mkl_random=1.3.0=py310ha5e6156_0
  - nest-asyncio=1.6.0=py310haa95532_0
  - numpy=2.2.5=py310h7894be3_2
  - numpy-base=2.2.5=py310h7794460_2
  - openssl=3.5.6=hbb43b14_0
  - packaging=25.0=py310haa95532_1
  - parso=0.8.5=py310haa95532_0
  - pip=26.0.1=pyhc872135_0
  - platformdirs=4.5.0=py310haa95532_0
  - prompt-toolkit=3.0.52=py310haa95532_1
  - prompt_toolkit=3.0.52=hd3eb1b0_1
  - psutil=7.0.0=py310h02ab6af_1
  - pure_eval=0.2.3=py310haa95532_0
  - py-xgboost=3.1.2=py310haa95532_0
  - pygments=2.19.2=py310haa95532_0
  - python=3.10.13=he1021f5_0
  - python-dateutil=2.9.0post0=py310haa95532_2
  - pywin32=311=py310h885b0b7_0
  - pyzmq=27.1.0=py310h7149c55_1
  - scipy=1.15.3=py310h1bbe36f_1
  - setuptools=80.10.2=py310haa95532_0
  - six=1.17.0=py310haa95532_0
  - sqlite=3.51.1=hda9a48d_0
  - stack_data=0.6.3=py310haa95532_0
  - tbb=2022.3.0=h90c84d6_0
  - tbb-devel=2022.3.0=h90c84d6_0
  - tk=8.6.15=hf199647_0
  - tornado=6.5.4=py310h02ab6af_0
  - traitlets=5.14.3=py310haa95532_0
  - typing-extensions=4.15.0=py310haa95532_0
  - typing_extensions=4.15.0=py310haa95532_0
  - ucrt=10.0.22621.0=haa95532_0
  - vc=14.3=h2df5915_10
  - vc14_runtime=14.44.35208=h4927774_10
  - vs2015_runtime=14.44.35208=ha6b5a95_10
  - wcwidth=0.2.14=py310haa95532_0
  - wheel=0.46.3=py310haa95532_0
  - xz=5.6.4=h4754444_1
  - zeromq=4.3.5=h6c54ac7_1
  - zlib=1.3.1=h02ab6af_0
  - pip:
      - aiofiles==25.1.0
      - argparse==1.4.0
      - contourpy==1.3.2
      - cycler==0.12.1
      - filelock==3.29.0
      - fonttools==4.63.0
      - fsspec==2026.4.0
      - jinja2==3.1.6
      - joblib==1.5.3
      - kiwisolver==1.5.0
      - llvmlite==0.47.0
      - markupsafe==3.0.3
      - matplotlib==3.10.9
      - mpmath==1.3.0
      - networkx==3.4.2
      - numba==0.65.1
      - orjson==3.11.9
      - pandas==2.3.3
      - pickledb==1.6
      - pillow==12.2.0
      - pynndescent==0.6.0
      - pyparsing==3.3.2
      - pytz==2026.2
      - rdkit==2026.3.3
      - scikit-learn==1.7.2
      - seaborn==0.13.2
      - sympy==1.14.0
      - threadpoolctl==3.6.0
      - torch==2.7.1+cu118
      - torchaudio==2.7.1+cu118
      - torchvision==0.22.1+cu118
      - tqdm==4.67.3
      - tzdata==2026.2
      - umap-learn==0.5.12
prefix: D:\ana3\envs\ddi_final
